E'Surugamide_B'
[128.094963004, 99.068413908, 113.084063972, 71.03711378, 113.084063972, 113.084063972, 147.068413908, 113.084063972]

E'Surugamide_C'
[128.094963004, 113.084063972, 113.084063972, 71.03711378, 113.084063972, 113.084063972, 147.068413908, 99.068413908]

E'Surugamide_A'
[128.094963004, 113.084063972, 113.084063972, 71.03711378, 113.084063972, 113.084063972, 147.068413908, 113.084063972]

E'Champacyclin'
[128.094963004, 99.068413908, 113.084063972, 147.068413908, 113.084063972, 113.084063972, 71.03711378, 113.084063972]

E'Surugamide_D'
[128.094963004, 113.084063972, 99.068413908, 71.03711378, 113.084063972, 113.084063972, 147.068413908, 113.084063972]

WS-7338-B;_BE-18257-B
[113.084063972, 71.03711378, 129.042593084, 186.07931294, 113.084063972]

Nocardiamide_B_Nocardiamide_B
[99.068413908, 163.063328528, 99.068413908, 99.068413908, 99.068413908, 113.084063972]

Fungisporin_Fungisporin
[147.068413908, 147.068413908, 99.068413908, 99.068413908, 147.068413908, 147.068413908, 99.068413908, 99.068413908]

WS-7338-D
[99.068413908, 99.068413908, 71.03711378, 129.042593084, 186.07931294]

versicoloritide_A
[97.052763844, 147.068413908, 97.052763844, 147.068413908, 71.03711378]

Cyclolinopeptide_E_Cyclolinopeptide_E
[147.035399528, 113.084063972, 99.068413908, 147.068413908, 97.052763844, 113.084063972, 147.068413908, 113.084063972]

Antibiotic_WIN_66306_Antibiotic_WIN_66306
[57.021463716, 186.07931294, 97.052763844, 57.021463716, 99.068413908, 57.021463716, 247.120843404]

Anacyclamide_A10_Anacyclamide_A10
[186.07931294, 57.021463716, 87.0320284, 97.052763844, 99.068413908, 97.052763844, 101.047678464, 87.0320284, 128.058577496, 113.084063972]

Axinastatin_4_Axinastatin_4
[186.07931294, 99.068413908, 97.052763844, 113.084063972, 101.047678464, 97.052763844, 113.084063972]

Tunicyclin_B_Tunicyclin_B
[99.068413908, 57.021463716, 87.0320284, 97.052763844, 87.0320284, 184.063662876, 113.084063972]

stylissamide_X
[97.052763844, 147.068413908, 186.07931294, 97.052763844, 113.084063972, 97.052763844, 101.047678464, 113.084063972]

Phakellistatin_13
[97.052763844, 186.07931294, 113.084063972, 101.047678464, 97.052763844, 57.021463716, 147.068413908]

Virotoxin_[Ala1]Viroidin
[264.056863244, 145.073893212, 71.03711378, 101.047678464, 87.0320284, 129.042593084, 71.03711378]

stylissamide_A
[97.052763844, 163.063328528, 128.094963004, 97.052763844, 97.052763844, 99.068413908, 163.063328528]

Cycloamanide_D
[97.052763844, 113.084063972, 97.052763844, 113.084063972, 147.068413908, 57.021463716, 113.084063972, 147.035399528]

Gratisin;_Gratizin
[97.052763844, 147.068413908, 113.084063972, 114.07931294, 99.068413908, 163.063328528, 97.052763844, 147.068413908, 113.084063972, 114.07931294, 99.068413908, 163.063328528]

phakellistatin_16
[99.068413908, 101.047678464, 163.063328528, 97.052763844, 147.068413908, 115.02694302, 87.0320284, 156.101111004, 71.03711378]

Citrusin_IX_Citrusin_IX
[57.021463716, 113.084063972, 147.068413908, 97.052763844, 97.052763844, 128.058577496, 113.084063972]

Planktocyclin;_cyclo(Pro-Gly-Leu-Val-Met
[97.052763844, 57.021463716, 113.084063972, 99.068413908, 131.040484908, 147.068413908, 57.021463716, 99.068413908]

E'Streptocidin_D'
[114.07931294, 99.068413908, 186.07931294, 128.058577496, 114.042927432, 147.068413908, 113.084063972, 97.052763844, 147.068413908, 113.084063972]

axinellin_B
[97.052763844, 147.068413908, 97.052763844, 101.047678464, 113.084063972, 99.068413908, 97.052763844, 186.07931294]

stylissamide_E
[163.063328528, 97.052763844, 71.03711378, 113.084063972, 128.058577496, 113.084063972, 97.052763844]

Epidermidin
[101.047678464, 57.021463716, 99.068413908, 57.021463716, 156.101111004, 114.07931294, 71.03711378, 115.02694302, 129.042593084, 87.0320284, 113.084063972]

Crotosparsamide_Crotosparsamide
[57.021463716, 99.068413908, 114.042927432, 57.021463716, 71.03711378, 147.068413908, 57.021463716, 113.084063972, 113.084063972]

Tolybyssidin_A
[97.052763844, 156.101111004, 113.084063972, 101.047678464, 113.084063972, 113.084063972, 147.068413908, 83.03711378, 99.068413908, 143.058243148, 101.047678464, 99.068413908, 99.068413908]

Cyclocitropside_B_4''-Amide
[114.042927432, 97.052763844, 156.101111004, 147.068413908, 57.021463716, 114.042927432, 113.084063972]

Microphycin_AL828
[97.052763844, 113.084063972, 57.021463716, 163.063328528, 99.068413908, 57.021463716, 113.084063972, 129.042593084]

stylostatin_1
[114.042927432, 87.0320284, 113.084063972, 71.03711378, 113.084063972, 97.052763844, 147.068413908]

Mannopeptimycin_β_Mannopeptimycin_β
[163.063328528, 170.08037556, 332.1331989799999, 87.0320284, 57.021463716, 161.084063972]

prenylagaramide_C_structure_1
[113.084063972, 57.021463716, 113.084063972, 231.125928784, 71.03711378, 128.058577496, 97.052763844, 113.084063972, 97.052763844]

Tolybyssidin_B
[101.047678464, 99.068413908, 99.068413908, 99.068413908, 147.068413908, 99.068413908, 83.03711378, 156.101111004, 163.063328528, 131.040484908, 99.068413908, 101.047678464, 113.084063972]

axinastatin_3
[99.068413908, 97.052763844, 113.084063972, 113.084063972, 147.068413908, 97.052763844, 114.042927432]

Phakellistatin_5_Phakellistatin_5
[97.052763844, 147.068413908, 114.042927432, 71.03711378, 131.040484908, 71.03711378, 113.084063972]

Tyrocidine_Tryptocidine_A
[147.068413908, 97.052763844, 147.068413908, 147.068413908, 114.042927432, 128.058577496, 186.07931294, 99.068413908, 114.07931294, 113.084063972]

Laterocin;cyclo-(L-Val-L-Orn-L-Leu-D-T
[97.052763844, 163.063328528, 113.084063972, 114.07931294, 99.068413908, 131.040484908, 115.02694302, 114.042927432, 147.068413908, 147.068413908]

Loloatins_Loloatin_A
[163.063328528, 97.052763844, 147.068413908, 147.068413908, 114.042927432, 115.02694302, 163.063328528, 99.068413908, 114.07931294, 113.084063972]

Prenylagaramide_B_Prenylagaramide_B
[114.042927432, 97.052763844, 231.125928784, 113.084063972, 163.063328528, 97.052763844, 113.084063972]

phakellistatin_9
[97.052763844, 97.052763844, 99.068413908, 163.063328528, 97.052763844, 97.052763844, 113.084063972, 99.068413908, 147.068413908, 113.084063972]

gramicidin_structure_0
[147.068413908, 97.052763844, 99.068413908, 114.07931294, 113.084063972, 147.068413908, 97.052763844, 99.068413908, 114.07931294, 113.084063972]

Kawaguchipeptin_B_Kawaguchipeptin_B
[114.042927432, 57.021463716, 115.02694302, 114.042927432, 114.042927432, 186.07931294, 87.0320284, 101.047678464, 97.052763844, 186.07931294, 113.084063972]

Cyclolinopeptide_E_S-Oxide
[163.030314148, 113.084063972, 99.068413908, 147.068413908, 97.052763844, 113.084063972, 147.068413908, 113.084063972]
